2.480043699238039210e+02 1.409627692855880696e+03
-1.598391373779571722e+01 2.244309438136309836e+03
1.459154006938212433e+03 3.699121029747733701e+04
9.355028939064496285e+00 1.151279504659040185e+03
-2.928889591812848892e+01 2.168370001811161728e+03
1.498911353342346956e+03 3.702837303024066205e+04
1.459441549697739219e+03 3.390022260731071583e+04
1.395975437528245493e+03 3.800466041422820126e+04
1.299764385313925914e+03 3.550796032326589193e+04
1.472386999472102161e+03 3.854427761485344672e+04
-3.011172640699707870e+01 1.153083359509693310e+03
1.519222355271764854e+03 3.638929644901450229e+04
1.409075652554676935e+03 3.433138459243349644e+04
1.418383631425554540e+03 3.642596780429439241e+04
4.071604725402715985e+01 1.713364289194778166e+03
6.119858423169658579e+01 -1.913192638889265709e+03
1.380876580796196322e+03 3.519573324891588709e+04
1.983114770785325618e+02 -6.135616278215544526e+02
2.118654637698338092e+02 1.659695678429280633e+03
1.422519339499794341e+03 3.524627987828331970e+04
1.182586711334438689e+02 6.497716531057355951e+02
1.552301270595125516e+03 3.587193415018417727e+04
1.356292677483338366e+03 3.654616281128360424e+04
1.446363980359759580e+03 3.487861821086225973e+04
1.414155388893713734e+03 3.649770759471203201e+04
1.490618695172680077e+02 1.822350708944859207e+03
1.295082526350682883e+03 3.764635952234514843e+04
1.379707979648624359e+03 3.590247173524621758e+04
1.829034667027079877e+02 8.212130595209308694e+02
3.134647927131516099e+01 -2.187074281620710963e+02
1.211501967159642845e+02 1.968861149118288495e+03
2.543587727498353956e+02 1.315514775300051497e+03
1.561076352024959306e+03 3.620712508835586777e+04
1.412996191584494454e+02 2.195451087051824288e+02
1.403749995369116277e+03 3.594630543312300870e+04
1.426113615531206960e+03 3.819216633581755741e+04
1.520145083452521021e+03 3.821008546342705085e+04
2.423100120501247261e+02 -6.002503745603462448e+02
1.112925893628279681e+02 1.064458587527173449e+03
1.329255518937304032e+03 3.503477998993555229e+04
1.385246692453591550e+03 3.397332079003137915e+04
1.493619435078404877e+03 3.531308586962084519e+04
1.370844424269382898e+03 3.619931973698136426e+04
1.521429382491939805e+03 3.401762138833840436e+04
1.788355707731055873e+03 3.682548542083705252e+04
5.538658555768687108e+01 -6.454236935335478620e+02
1.401155001002530526e+03 3.618587503376445966e+04
1.400052934385694925e+03 3.328412845997804834e+04
1.297579777160612366e+03 3.480568631828385696e+04
1.392472197064281545e+03 3.740668697177201830e+04
1.380965313239564694e+03 3.565807159636319557e+04
-3.067841436073555883e+01 6.669387955256977421e+02
1.628264311671302266e+03 3.567704143654947984e+04
1.456939554214356349e+03 3.637130914711847436e+04
1.420516581297320272e+03 4.072820883043714275e+04
1.432728580733119998e+03 3.236258182249066886e+04
8.214505629995997538e+01 1.422772196670439826e+03
1.333674584688934374e+03 3.584915418054535257e+04
1.364725786070015602e+03 3.505617157401076838e+04
1.398568652202416160e+03 3.556921564995188237e+04
1.285375262511120582e+03 3.710415765595439734e+04
1.470237903029523068e+03 3.692098794227607868e+04
1.451571103111250068e+03 3.600094169907393371e+04
1.601889015944520906e+03 3.655941311650849093e+04
2.122203417761964488e+02 1.525835061839268747e+03
7.274595239974397032e+01 -6.809844919975412267e+02
1.318109698372248658e+03 3.634496118843432487e+04
1.434879464463405384e+03 3.611016154333133454e+04
1.407376766845111888e+03 3.644272163983057544e+04
1.366019598777202873e+03 3.520099987367518770e+04
1.890604538082381509e+02 -3.669488107855966064e+01
1.344662757912234611e+03 3.771670459456401295e+04
1.443306231342226965e+03 3.647078454493398021e+04
1.178493714093781364e+02 3.651540563029753230e+03
1.465798652129358743e+03 3.537681877843368420e+04
1.941024989723112810e+02 1.635330993812299766e+03
1.106131111925838439e+02 -2.110746799222141590e+02
1.374727821267744957e+03 3.468224287596887007e+04
2.189168253845371339e+02 -6.833997225348109623e+02
1.510739359244392062e+03 3.671241056062354619e+04
1.431091399684587486e+03 3.620892515281419765e+04
8.975095144397378988e+01 2.068977015704955193e+03
1.412761570199413370e+02 3.514577499712675035e+02
9.181025973883777169e+01 3.480130983366045984e+04
1.528548597506706301e+03 2.053284113720152527e+04
1.422544450622951217e+03 3.504221262708786526e+04
1.430207420085200283e+03 3.479276579528211732e+04
1.286166265172081921e+03 3.440477352499511471e+04
1.499578004203300679e+03 3.413157811381443025e+04
1.370027562250402582e+02 -4.257798121240264209e+02
1.421885119903126451e+03 3.764034784875860350e+04
1.513226809257060040e+03 3.373027219190977485e+04
1.503077920735046519e+03 3.775445456512991950e+04
1.512283937551279905e+03 3.545716901880333899e+04
1.608392624771736109e+03 3.336796468581096997e+04
-3.385499446046510741e+01 3.083341005882308309e+03
6.752625596531069618e+01 1.225671820251227700e+03
1.418035074428249573e+03 3.362354405194066931e+04
1.445832731522747849e+02 1.359817300675218348e+03
1.352896662039846660e+02 2.049794166583385504e+03
