1.317863994782392638e+03 3.196840781338660599e+04
1.514366642848929587e+03 3.933987132760060922e+04
1.398585931183204139e+03 3.203041057029874355e+04
1.347826483955582262e+03 3.708173505968607788e+04
1.475089681687989469e+03 3.532062080698148930e+04
1.429830025943071405e+03 3.560436879621578555e+04
1.518360539316648783e+03 3.925549443467230594e+04
1.423499314933538471e+03 3.596508568996103713e+04
1.158638935802175780e+02 6.600555355117583076e+02
1.693180284676435008e+02 5.307712250463715463e+03
1.442265207850225579e+03 3.730599588018569921e+04
9.144626921585155799e+01 7.931075694116918839e+01
1.451178467839701625e+03 3.510781220662355190e+04
1.374682081678608711e+03 3.246725686536361172e+04
4.822779405588088366e+02 1.868031417762601995e+04
1.499187629518810127e+03 3.551060887155693490e+04
1.484831010859101298e+03 3.521171564127298188e+04
3.012273709267020649e+02 -5.502516366108891816e+03
1.593328805811795291e+03 3.719219159587459581e+04
1.422196314659795235e+03 3.451667371372455091e+04
2.234207425518782202e+02 6.335435057858077926e+03
3.052061252426275928e+02 1.213908869144482014e+04
1.582116567682319555e+03 3.809122702887305059e+04
1.242071258142389752e+03 3.205693470389101640e+04
1.424332048548972125e+03 3.454925682183200843e+04
1.456344032867088345e+03 3.583506968810969556e+04
1.919858491481787155e+02 7.640101913770244209e+03
1.497580505379133228e+03 3.817707836863122066e+04
1.523923186650064054e+03 3.787572054345809738e+04
1.542735456338778704e+03 3.856288356821535854e+04
1.356381568309849172e+03 3.181136896056365731e+04
1.620118572522199429e+03 3.813616652826700010e+04
3.822269774323679030e+02 9.144676666375031346e+03
1.383721563828872377e+03 3.649797409414913272e+04
2.689674176133820538e+02 1.357716008016239539e+04
1.349766328694343883e+03 3.707367883405106841e+04
1.381223426937383010e+03 3.442584770014434616e+04
2.920044531056107076e+02 1.098825657211556972e+03
1.339651468347355603e+03 3.374109891591375344e+04
1.477387721762919682e+03 3.481352242507181654e+04
1.485831134524803019e+03 3.617956220262609713e+04
1.362570340953113146e+03 3.502593271720304620e+04
1.338064821809554360e+03 3.658993342601212498e+04
1.407753197061359288e+03 3.676773330799178075e+04
1.428334560749575758e+03 3.410401781421154010e+04
1.407843400123817673e+03 3.726325400861437083e+04
4.239023299218042098e+02 2.051008884121765004e+04
1.505228277635751226e+02 3.010208047914274630e+03
1.500418165357241605e+03 3.775228177077692089e+04
1.385566561918478783e+03 3.651121226609398582e+04
2.282207836757253290e+02 4.085104615500622913e+03
1.445246907321518620e+03 3.538968206333803391e+04
1.376730319446721069e+03 3.587097728335273132e+04
2.262112534858842707e+02 -7.019120450305377744e+03
1.476258241406955676e+03 3.875212609769133269e+04
3.261259714882786511e+02 1.462918187701069473e+04
2.390104898418118182e+02 8.090882553765651210e+03
1.496326547846519134e+03 3.664701296731419279e+04
1.392627551476267399e+03 3.738149932952080417e+04
1.397639624375833137e+03 3.419845245917639113e+04
1.518020596699676844e+03 4.044728278537920414e+04
1.505359100321560391e+03 3.639795004685203457e+04
1.566551584713267175e+03 3.515959305333466182e+04
1.548774713970631637e+03 3.749422112859248591e+04
2.557146179985347771e+02 5.901309296794180227e+03
1.403286703615676288e+03 3.656133132103404205e+04
1.290887032157003205e+02 -8.718773645669116377e+02
7.744724660871952437e+02 -7.818382153612733418e+02
1.492293242389647958e+03 3.612945787899375136e+04
1.557935686885692803e+03 4.141061922938947828e+04
1.407288377443732543e+03 3.429308502514845895e+04
1.336762794188008911e+03 3.331939927808038919e+04
1.516530430865327844e+03 4.012448780301882653e+04
1.426467243082208824e+03 3.671469036388895620e+04
1.552789772314571792e+03 3.769975234379505855e+04
1.447204090875927477e+03 3.641102472266667610e+04
3.807002128766781084e+02 1.165067796128716509e+04
1.271955843917764469e+03 3.394688847351879667e+04
1.351661627846519877e+03 3.691373334622084803e+04
1.401363034162855911e+03 3.445973039528909430e+04
1.452807393189522145e+03 3.737222876614144479e+04
1.477888163188982617e+03 3.613384338596073940e+04
2.667123287103038933e+02 1.168039576565090465e+04
3.383259541499000989e+02 7.196365190583081130e+03
1.505555035888005477e+03 3.522752384988632548e+04
1.567585609043209161e+03 3.931894032503930794e+04
1.476453237952919835e+03 3.699882423765141721e+04
3.278145487439609269e+02 8.276235518593426605e+03
1.486190022504932585e+03 3.661939761544697831e+04
1.554872457571872530e+02 3.404089414444317754e+03
1.436224198156439343e+03 3.666032019157613831e+04
1.396152005107816194e+03 3.262397552026856647e+04
2.381818648390231203e+02 -6.792288082513287009e+02
1.385114393802040240e+03 3.355899010567329969e+04
1.446547668885860503e+03 3.697321947209841892e+04
1.394995516942390395e+03 3.783299124845131155e+04
1.501588028645607210e+03 3.567082799050690664e+04
1.430166873230109331e+03 3.289841512967085146e+04
1.383095643519644454e+03 3.540758995164813678e+04
1.599263842083338659e+03 3.622427566393368761e+04
