9.467224478786573627e+01 -3.977241353046280210e+02
1.081069466392636542e+02 9.503028283741450650e+02
1.709240436692920184e+02 4.673310180233033861e+03
1.421029721101860730e+02 4.796945784482621093e+03
1.197365460023711847e+02 3.806031194965480040e+02
1.289837279500446243e+02 -1.939264433814233143e+03
1.109825798355690694e+02 1.649976405475850470e+03
1.061023823629554954e+02 1.542244037194892144e+03
1.147078427648042265e+02 1.001274630891988863e+03
1.253494165541709009e+02 3.588376806831613521e+03
1.514035131646022023e+02 9.327195488203021796e+02
1.886888039753607984e+02 2.816966728591187803e+03
1.372856063974686549e+02 4.444690792755468465e+03
1.405082584484616746e+02 4.177422950093370673e+03
1.478312787333229039e+02 2.015517310971553798e+03
1.168577502215138395e+02 2.227038169746036601e+03
1.267466817390689329e+02 -1.758143521583731854e+03
1.164353282918571324e+02 1.347795311163379210e+03
1.389396713525352709e+02 -2.088495566483232324e+03
1.673848021988517303e+02 2.664250645070495921e+03
1.342491273892273114e+02 7.002361306423476890e+02
1.459012639199782484e+02 4.001807789791685991e+03
1.407876855735119648e+02 1.612183993981239382e+03
1.278549794062295035e+02 -7.346308271297722285e+02
1.602376326850866803e+02 -3.491100730469775044e+03
1.014932633742840551e+02 6.305837889607121269e+02
1.515805083635301287e+02 8.979311158396405972e+02
1.295795410085432309e+02 1.479557477609344460e+03
1.139209796228023919e+02 -3.836565096552076284e+02
1.167766272761805340e+02 1.579341716907703130e+02
1.583650430504546591e+02 9.841074756064923577e+02
1.338666870827670721e+02 -2.446337461492750663e+03
1.329513359971089699e+02 1.994346922767760134e+03
1.278413194744262711e+02 3.006893001998783348e+03
1.903191171930675694e+02 2.230874976688583956e+03
1.845115370751225043e+02 -1.614170504975576023e+03
1.251979326514746731e+02 -2.239400409321770894e+03
1.510026236647111091e+02 1.176712748888841361e+03
1.645666603634811622e+02 -2.149114629831940874e+03
1.955906768400253668e+02 6.966791047069868000e+03
1.598752158621553576e+02 -5.416341503615673219e+02
1.241005938697119007e+02 -1.504852055600374115e+03
1.226167505128812252e+02 -1.112722170249654710e+02
1.169132413295544097e+02 2.020509489874086739e+03
3.633791334791404097e+03 2.638227691172525374e+04
9.653223102642249387e+01 8.893309768408250875e+02
1.165672875219696465e+02 -1.397037877285569039e+03
1.412965340145503319e+02 -2.570599050151305164e+03
1.484594114363425774e+02 2.952065814422597214e+03
1.500620791704759256e+02 1.924694035986025938e+03
1.565839711083547456e+02 2.785095485557546908e+03
1.021076283143604542e+02 -5.075022864983369573e+02
1.783291729087340798e+02 2.444199666659831109e+03
1.087353805361096732e+02 -7.285500049702110346e+02
1.195853011449179633e+02 -7.040605404224788799e+01
2.018779530288048250e+02 3.559637152737092038e+03
1.539155597535896902e+02 2.399536903810781951e+03
1.835230859563268098e+02 -7.068531994743174209e+02
1.281885136370177349e+02 1.540585978927936821e+03
1.005810469710928459e+02 -1.142074613486875478e+03
1.063027423793969604e+02 1.245105538628600698e+03
1.542433687842622021e+02 2.623547143365862212e+03
1.478587530839739941e+02 -1.168049809937924692e+03
1.633533399009752713e+02 -5.927509865450635516e+03
1.664312504390948391e+02 5.879805882672198095e+03
1.210199110843627892e+02 4.239877649215117117e+02
1.391903280759515553e+02 1.256642424990473955e+03
1.465831501629049001e+02 5.315031961572331056e+03
1.053717019423514927e+02 1.443148005691124354e+03
1.403637086746859097e+02 -3.091586028415704277e+03
1.479473901795687993e+02 6.868620483798548548e+02
1.019199509891134028e+02 9.338270948872668669e+02
1.365109927015035396e+02 1.530636466747305576e+03
1.370603851829623636e+02 -5.858545229329203039e+02
1.709916189463653780e+02 -1.048392461626301611e+03
9.150291892015877693e+01 6.795358166417815937e+01
1.591128755127798513e+02 -3.300987642365277679e+03
1.230732144190754838e+02 1.454969360188476685e+03
1.745545041318358415e+02 -2.863322290947551664e+03
6.686404979528343802e+02 -1.080039247836195273e+03
1.540752565276287669e+02 2.931045047046976833e+03
7.240736769048355654e+02 3.940735236717328917e+03
9.889340936724471476e+01 -8.322686130350288067e+02
9.137050666553076894e+01 -5.943345737549077512e+01
9.628212913727655575e+01 1.729771150733282639e+02
1.254765080245029480e+02 1.794417474556545585e+03
1.526453368090595291e+02 1.326007259322374466e+03
9.900401055851487797e+01 1.336051816888624671e+03
9.464166713666186581e+01 -1.294624544917700177e+02
1.821657579470899009e+02 -5.507022507810653451e+02
1.552507597739196967e+02 -6.742347212089285904e+02
1.650429103750435047e+02 -1.160659282519855878e+03
1.547745246898109599e+02 2.971653654281733907e+03
1.805655748257178175e+02 -3.474241868497343148e+03
1.438797505729585566e+02 -1.118324839474827968e+03
1.450125871122045851e+02 -4.363981486646440544e+02
1.412043669393123935e+02 1.177180154583310468e+03
1.261417579983166064e+02 3.502421312642556131e+03
1.312904356054208677e+02 -1.174202134300716807e+03
1.384368171615772098e+02 -1.452560237386388508e+03
