1.554235062708223722e+02 8.396544336660979297e+02
5.745221616502839623e+01 -4.475239937396838741e+01
1.627644028677024721e+02 3.748615933271207723e+01
9.587197471193476872e+00 1.903914442973808036e+03
1.292780672238672821e+02 3.670197089727715820e+02
1.601813244350785794e+02 -3.192938461147969065e+02
-2.696552485473763227e+03 2.084255807397484750e+04
1.003403598405995751e+02 2.449269285205614324e+03
2.153827028099772178e+01 6.880599633350574322e+02
7.946411504006638893e+01 1.881506085849862984e+03
1.473497680111914008e+02 -8.659373994129168750e+00
4.294084380884577712e+01 -2.593521883812935585e+02
1.411006093327368490e+03 3.483392344905497157e+04
7.784162444280485715e+01 -8.414062440366523106e+02
-5.572634220400232152e+00 1.597189203476150851e+03
5.189112746832029899e+01 1.115023317816649751e+03
1.451562710886230434e+02 3.165588443926995978e+02
1.294933621382026843e+02 4.070544960823157908e+03
3.568049222816880928e+01 2.140455946209053309e+03
7.445808823148323086e+01 1.317400605503373754e+03
2.006686394428265885e+02 -1.574982326847537479e+03
2.032640997747390372e+02 1.643181174547176624e+03
-4.722805542381553323e+01 -4.634191143799054089e+02
1.005453636817045293e+02 -2.040140686738302520e+02
1.462429957605003210e+02 2.651685235231332626e+03
2.918628734110055234e+01 9.240491759638376834e+02
2.217090372649323626e+01 1.142817996930743448e+03
1.361294072613001447e+02 2.821556733349987667e+02
9.283786793892681999e+01 4.605079557366510016e+03
2.270383579424155869e+02 -1.840833135296453520e+02
9.187406266907302665e+00 4.397825204569944617e+02
8.859551662490667923e+01 1.104630523113504296e+03
1.381326187920217592e+02 2.819978243941584878e+03
-9.803403193818144246e+01 4.932896052684712345e+02
-1.959659223691681973e+01 2.352497725953994063e+02
1.526744648954427817e+02 -1.182783345727330470e+03
1.484818648874449764e+03 3.989217313387759350e+04
6.565774225555821886e+01 3.719846869015579614e+03
1.350894859797066374e+02 -6.665273173909992011e+02
1.955584208096531995e+01 3.710650270818765648e+02
6.728405794821280494e+01 1.391024073370159613e+03
1.405267230960385234e+02 -4.217572926345484348e+02
2.642606014170566198e+01 1.068278600128416656e+03
1.208177029010550427e+02 -6.026924047812686922e+02
1.032299273962442498e+01 9.402950404927881891e+02
7.920350035922308507e+01 -9.097250493730825838e+01
6.563479082643428342e+01 2.380601898903270921e+03
1.478362265901880846e+03 3.498013637837139686e+04
2.142503165190878178e+01 5.091937496523133291e+02
8.621035157435115082e+01 1.128435104411325483e+03
8.299120831706096624e+01 -6.104176008531037496e+02
8.188715826358637173e+01 2.362415265852720040e+03
6.444535761167645660e+01 5.819727953583992530e+02
1.279451430214747631e+02 -1.560748505314887780e+02
1.274724890901755003e+02 2.066822214518989313e+03
1.521909079770526603e+02 5.667428917732636364e+02
2.263397836960787970e+02 -9.587952628793734675e+02
1.242553826185856281e+01 7.190141869993389037e+02
5.997535863203053452e+01 -3.692618317635628955e+01
1.357619159760291950e+03 3.683183196047326055e+04
1.023376837981059140e+02 2.279550531313348074e+03
1.529109279921835025e+02 -8.494086387672409728e+02
1.299174712475835918e+02 2.532814326727772823e+03
6.216313676257001930e+00 1.871253481839245296e+02
1.416881013599824541e+02 7.938323422965870577e+02
1.259238597861359210e+02 -1.056111357795656659e+03
1.187218794316933952e+02 -4.696851728140102296e+02
6.986397286178511479e+01 1.981682447131199069e+03
1.158161755762719309e+02 7.156677323653354961e+01
-7.102830269367429139e+01 1.158733649144916853e+03
1.490672571226423315e+02 1.504956072776898509e+03
1.044448143894449288e+01 7.115133959005767110e+02
1.395060989723526177e+02 -1.758659406516685522e+02
3.878253938855808514e+01 -2.540291502831410071e+03
1.180560847795406403e+02 1.834724936025904753e+02
9.039682109138486510e+01 7.009040241732282084e+02
6.244326716867254135e+01 1.810175078579781712e+03
-3.094901652629546618e+01 -7.899360219552004310e+02
6.943711719978465169e+01 1.040911391747373727e+03
1.231430347688512512e+02 1.514990471336885093e+03
2.381319525449482057e+02 1.543157850553032858e+03
1.790254020336569454e+02 -9.224524484252037837e+01
8.040154215602782983e+00 1.055664165130296169e+03
2.416870849535735033e+01 -7.846414154383580808e+02
2.057552885950815380e+02 -1.444065518824004357e+01
2.489565256898615075e+01 2.105827014471765142e+04
1.447365435953763324e+02 3.491008197295043647e+04
1.409700363319443852e+02 1.311753426193920404e+03
8.835958114968097732e+01 7.851993270283135189e+02
1.622982291739165248e+02 1.657501201741984914e+03
1.921542201843398061e+02 1.517481129858415898e+03
6.796204273282128838e+01 8.021034797632989921e+02
4.958001616202370343e+01 5.527680117734033729e+02
1.771015226634359578e+02 -3.961096748530052309e+02
-4.319280307523510487e+01 1.234136112027036461e+03
1.299046284531625020e+02 -2.412439498278516794e+02
6.987661978753467906e+01 6.097265385356779461e+02
2.400477930561727646e+01 8.014511874688818125e+02
1.328673677997807943e+02 1.075653572806808143e+02
1.111744063251594952e+02 9.557405283425978268e+02
